0.442072 0.828642 0.658675 0.250543 0.0471568 0.152729 0.771273 0.115726 0.365605 0.122084 0.0585735 0.0791206 0.294054 0.799233 0.128218 0.426107 0.516005 0.420987 0.420125 0.337864 0.248959 0.738216 0.431249 0.251735 0.808464 0.351138 0.12101 0.405505 0.804322 0.631438 0.0641213 0.456313 0.321703 0.713673 0.151445 0.396763 0.508775 0.252503 0.0582442 0.4282 0.849857 0.75169 0.41652 0.425636 0.522932 0.603219 0.0376493 0.0197928 0.712082 0.157928 
0.997714 0.299841 0.767426 0.157993 0.216803 0.859741 0.667668 0.671049 0.0116061 0.915084 0.0244822 0.472879 0.128126 0.641548 0.674601 0.300031 0.387125 0.350492 0.0199184 0.325881 0.952901 0.699187 0.325299 0.0340134 0.122421 0.44267 0.344448 0.537363 0.503059 0.209717 0.704833 0.163699 0.266659 0.516554 0.545724 0.711921 0.416974 0.5132 0.828385 0.942289 0.13755 0.568051 0.82999 0.0760008 0.30116 0.899707 0.555415 0.79277 0.687343 0.374849 
0.0638402 0.783705 0.291875 0.899914 0.237218 0.842693 0.923739 0.137057 0.354309 0.900017 0.0494611 0.375974 0.104895 0.578637 0.850419 0.443336 0.740876 0.0494293 0.284851 0.0418855 0.24046 0.50094 0.263591 0.764118 0.887524 0.8837 0.722373 0.537693 0.725301 0.698844 0.689952 0.753507 0.327375 0.910896 0.623961 0.256597 0.349046 0.111159 0.365748 0.600037 0.0606047 0.437248 0.401509 0.62809 0.610134 0.20112 0.635426 0.111566 0.0652379 0.431777 
0.6049 0.901759 0.437863 0.215249 0.691217 0.596975 0.484693 0.621331 0.177481 0.963389 0.500637 0.271334 0.0813714 0.0733535 0.061747 0.849164 0.814095 0.437544 0.048094 0.863707 0.887153 0.621585 0.710339 0.982058 0.108841 0.126736 0.479091 0.301244 0.276327 0.455002 0.698939 0.166174 0.793889 0.0892834 0.045842 0.525616 0.645546 0.737496 0.432734 0.995768 0.941845 0.440394 0.623752 0.179741 0.956753 0.206421 0.0146132 0.52636 0.158669 0.72171 
0.417536 0.938543 0.335645 0.153848 0.986545 0.0470924 0.268672 0.606188 0.0121311 0.452883 0.0128186 0.883475 0.277517 0.949927 0.207814 0.435374 0.35617 0.234784 0.50359 0.607853 0.832592 0.55583 0.271776 0.488207 0.380107 0.22681 0.965444 0.738459 0.855849 0.85139 0.228259 0.761368 0.172686 0.462533 0.0117941 0.014108 0.921252 0.969718 0.62703 0.831429 0.0457768 0.949323 0.429757 0.826659 0.899023 0.579635 0.10054 0.545573 0.74788 0.185774 
0.534553 0.478645 0.0658265 0.766461 0.702541 0.695184 0.192832 0.410096 0.391497 0.277686 0.450925 0.842509 0.569634 0.603016 0.891324 0.711887 0.874802 0.922386 0.889694 0.0094536 0.168235 0.441605 0.291823 0.511711 0.250185 0.894854 0.756439 0.0337064 0.257318 0.462049 0.259248 0.389025 0.128303 0.387527 0.301544 0.456589 0.311786 0.717483 0.993725 0.209134 0.581844 0.661154 0.892877 0.582395 0.51138 0.264284 0.787802 0.227353 0.841454 0.290263 
0.010366 0.410293 0.589609 0.816741 0.785323 0.640071 0.866673 0.929941 0.691275 0.213771 0.484434 0.926782 0.448909 0.995784 0.466789 0.793968 0.336035 0.216359 0.457396 0.209068 0.460772 0.778978 0.810027 0.115199 0.466261 0.69422 0.974127 0.15287 0.247076 0.266722 0.479735 0.602517 0.946515 0.23501 0.540992 0.372454 0.75519 0.237735 0.965256 0.504518 0.192544 0.189367 0.579034 0.239605 0.908598 0.166165 0.623494 0.984665 0.937048 0.253985 
0.784736 0.834541 0.721863 0.126181 0.445379 0.9666 0.818885 0.455236 0.996446 0.893633 0.936327 0.375007 0.641531 0.0770659 0.393961 0.993604 0.433327 0.350654 0.831276 0.626028 0.665211 0.124952 0.793004 0.835552 0.0706676 0.476098 0.282238 0.258464 0.321867 0.00264897 0.339585 0.436103 0.470295 0.644281 0.931659 0.762239 0.109784 0.686129 0.611509 0.283335 0.563786 0.231006 0.0352088 0.451407 0.673622 0.201844 0.18209 0.621773 0.958128 0.515763 
0.971872 0.782404 0.882762 0.849981 0.69614 0.00752097 0.745569 0.455203 0.325465 0.494144 0.0749524 0.0937466 0.501993 0.924594 0.882765 0.0630002 0.555356 0.173461 0.425589 0.14978 0.0966541 0.0704555 0.510452 0.772501 0.478511 0.52172 0.304736 0.700157 0.704722 0.320376 0.52255 0.311516 0.202505 0.0143335 0.642499 0.420283 0.218485 0.978616 0.504054 0.775418 0.120676 0.800398 0.524597 0.752266 0.0938494 0.030144 0.0968645 0.767209 0.928323 0.416105 
0.736211 0.0572295 0.325082 0.442077 0.518223 0.503822 0.347127 0.0742748 0.212681 0.736221 0.169993 0.357011 0.905017 0.437082 0.537313 0.30931 0.798627 0.163441 0.810977 0.0656358 0.267858 0.70725 0.424582 0.995704 0.771943 0.876778 0.894931 0.344889 0.0407886 0.696961 0.627061 0.142778 0.729328 0.968323 0.845824 0.700013 0.698805 0.490381 0.761511 0.268915 0.100369 0.434046 0.0700684 0.0587054 0.706409 0.42538 0.451111 0.516991 0.687184 0.625283 
0.510971 0.63003 0.411563 0.476178 0.773051 0.568024 0.231915 0.610266 0.943478 0.138951 0.757451 0.204929 0.494095 0.0835009 0.733733 0.796377 0.298366 0.831241 0.688619 0.621062 0.218553 0.787506 0.915707 0.442157 0.623144 0.770129 0.576365 0.0242947 0.271501 0.344415 0.64843 0.791935 0.147417 0.819365 0.234159 0.633487 0.136518 0.171736 0.101217 0.58392 0.758519 0.249426 0.447049 0.685106 0.339697 0.058784 0.817834 0.471819 0.034166 0.383798 
0.784455 0.662068 0.201937 0.429155 0.324854 0.353184 0.650911 0.815919 0.872538 0.977109 0.305042 0.849571 0.396487 0.848331 0.829143 0.796094 0.969221 0.680928 0.506006 0.224399 0.364449 0.816716 0.573878 0.824706 0.0902461 0.73933 0.424958 0.955108 0.0950013 0.18826 0.420933 0.526265 0.940016 0.404692 0.0465829 0.319912 0.256577 0.0982531 0.928399 0.331389 0.711649 0.508761 0.555479 0.810299 0.601249 0.732867 0.406659 0.529078 0.190387 0.075212 
0.952644 0.726856 0.057353 0.776259 0.694643 0.883142 0.666884 0.445429 0.506649 0.108876 0.147432 0.79025 0.434828 0.448341 0.215025 0.199952 0.531946 0.749261 0.959735 0.411212 0.264598 0.386634 0.942539 0.956878 0.121203 0.298353 0.433507 0.843587 0.867625 0.736396 0.221607 0.627293 0.279889 0.722083 0.561879 0.885197 0.207803 0.270578 0.929026 0.904509 0.323211 0.707236 0.524467 0.787594 0.561443 0.532361 0.148892 0.407545 0.763827 0.997849 
0.427401 0.878159 0.124709 0.995221 0.426612 0.10008 0.670946 0.68668 0.206004 0.692242 0.159146 0.860086 0.315257 0.407557 0.392088 0.959282 0.845785 0.678865 0.779276 0.574943 0.260165 0.921295 0.876131 0.267263 0.37947 0.0925851 0.864654 0.740936 0.452486 0.533672 0.642078 0.462001 0.0950913 0.257997 0.101179 0.902368 0.302977 0.813978 0.241904 0.501729 0.0460859 0.974703 0.438332 0.440852 0.926348 0.699948 0.490152 0.170137 0.73696 0.662506 
0.504663 0.461792 0.637755 0.734776 0.54579 0.944851 0.0388841 0.457177 0.348873 0.871112 0.18389 0.694804 0.835013 0.785675 0.275365 0.149173 0.705537 0.658058 0.445086 0.457 0.715806 0.0449137 0.346697 0.572228 0.778129 0.241423 0.993526 0.573153 0.787001 0.660214 0.899013 0.134418 0.984873 0.201211 0.234129 0.152868 0.662653 0.029892 0.580139 0.230491 0.875507 0.249824 0.692037 0.469198 0.7441 0.353974 0.375512 0.382549 0.217175 0.567621 
0.613377 0.629025 0.818804 0.291651 0.221414 0.435843 0.233365 0.587199 0.428192 0.281462 0.0870697 0.504587 0.540457 0.37633 0.177896 0.427506 0.000113968 0.776519 0.13517 0.779036 0.608608 0.879714 0.021055 0.0824179 0.942977 0.948095 0.235445 0.101803 0.0797337 0.338911 0.225078 0.700117 0.78081 0.511955 0.556542 0.873972 0.537675 0.32193 0.912545 0.138848 0.887913 0.721142 0.878857 0.982129 0.759277 0.767566 0.48405 0.636048 0.170242 0.275261 
0.214165 0.333855 0.695347 0.543915 0.554824 0.230459 0.547096 0.374084 0.00423829 0.725763 0.277452 0.662451 0.10646 0.116882 0.151867 0.790585 0.655438 0.416228 0.394611 0.854289 0.930818 0.405405 0.31011 0.576641 0.275956 0.832351 0.390575 0.584835 0.51517 0.222707 0.157423 0.840702 0.186928 0.493451 0.940235 0.689296 0.791247 0.785591 0.616638 0.600418 0.863036 0.612655 0.511509 0.281741 0.450613 0.406113 0.125224 0.213583 0.890325 0.958494 
0.0970556 0.161313 0.447544 0.14934 0.108107 0.736426 0.0520934 0.739645 0.916606 0.088215 0.127928 0.987375 0.626399 0.973754 0.903204 0.203581 0.8882 0.787511 0.49684 0.346111 0.098143 0.583468 0.26223 0.0473938 0.125389 0.753493 0.541862 0.961988 0.155152 0.822877 0.0035472 0.590592 0.729285 0.676554 0.902778 0.597868 0.0141055 0.221899 0.488064 0.390419 0.256828 0.288393 0.583967 0.441604 0.272022 0.367891 0.426637 0.651154 0.613795 0.560892 
0.0895608 0.630991 0.0520305 0.555151 0.401481 0.287535 0.510167 0.518313 0.634639 0.403467 0.252262 0.559423 0.53123 0.404192 0.168587 0.446007 0.311161 0.0312538 0.19124 0.85913 0.813113 0.0810088 0.532978 0.609198 0.695957 0.316753 0.825757 0.722385 0.709037 0.087587 0.40677 0.243263 0.99224 0.431685 0.644429 0.552712 0.196856 0.538318 0.290258 0.214364 0.930957 0.354923 0.587483 0.554101 0.542874 0.67153 0.970436 0.728393 0.119766 0.731248 
0.295852 0.924225 0.0302204 0.946053 0.0654137 0.13748 0.912996 0.9468 0.120939 0.238428 0.0634056 0.363585 0.638324 0.328131 0.950951 0.839586 0.817115 0.669072 0.935707 0.331653 0.795421 0.446104 0.737128 0.312306 0.5686 0.116209 0.780114 0.630937 0.221702 0.0774054 0.645535 0.41873 0.796548 0.446142 0.247059 0.982072 0.855623 0.545096 0.888044 0.970447 0.479116 0.0165501 0.580444 0.839627 0.682016 0.0175113 0.94096 0.498625 0.0176044 0.581284 
0.774239 0.14213 0.534767 0.427325 0.490511 0.405676 0.381239 0.569092 0.642534 0.830185 0.677947 0.546241 0.418812 0.972325 0.171595 0.577646 0.686037 0.221366 0.241221 0.0293972 0.666597 0.670939 0.712798 0.453676 0.0867167 0.540586 0.320151 0.0817649 0.0823469 0.282394 0.54363 0.0431815 0.246796 0.343893 0.478562 0.405725 0.263835 0.0591947 0.0148822 0.526659 0.85578 0.547052 0.877643 0.609719 0.660309 0.376518 0.333717 0.392328 0.771596 0.403174 
0.516721 0.231578 0.926341 0.18837 0.152737 0.644011 0.814864 0.2755 0.285 0.947664 0.883645 0.727272 0.0253012 0.0745807 0.877588 0.156605 0.137913 0.897351 0.0516273 0.167988 0.490942 0.81411 0.0461713 0.959438 0.667313 0.972122 0.889708 0.0714136 0.574004 0.581503 0.807324 0.117571 0.157156 0.53191 0.00658844 0.545855 0.947815 0.227085 0.254151 0.371306 0.20128 0.900322 0.541034 0.48918 0.981515 0.138068 0.355136 0.297637 0.781632 0.845289 
0.0917015 0.95991 0.050351 0.66117 0.934641 0.383424 0.365272 0.0360124 0.472507 0.454412 0.150207 0.100701 0.442744 0.763629 0.938099 0.214919 0.0906332 0.481786 0.912772 0.510294 0.0102777 0.0234324 0.0990734 0.459202 0.757902 0.947905 0.462774 0.0389252 0.835112 0.450668 0.194074 0.767387 0.631131 0.435668 0.591431 0.605417 0.160075 0.289368 0.730317 0.473194 0.321739 0.666926 0.840402 0.851336 0.433115 0.653995 0.178598 0.73144 0.655702 0.342979 
0.543444 0.0157988 0.208752 0.629192 0.86785 0.472394 0.721051 0.986299 0.876208 0.76088 0.0215892 0.243865 0.0090219 0.689622 0.928058 0.954687 0.897277 0.519122 0.756925 0.831553 0.990277 0.595612 0.216822 0.0386514 0.740332 0.787061 0.113852 0.581135 0.290501 0.799079 0.588677 0.352769 0.313677 0.674076 0.502197 0.890976 0.167108 0.938237 0.627623 0.88574 0.734576 0.0667268 0.982115 0.351372 0.187151 0.25433 0.00307271 0.04015 0.427106 0.0921024 
0.311201 0.217395 0.288284 0.911954 0.437683 0.345037 0.834961 0.623535 0.559026 0.0847204 0.513652 0.423485 0.473756 0.828307 0.961696 0.424827 0.492255 0.344324 0.0614467 0.18592 0.649776 0.00380677 0.86584 0.00468332 0.648586 0.511897 0.649997 0.220668 0.88898 0.560974 0.505531 0.326229 0.0361859 0.142096 0.337277 0.761329 0.369808 0.940126 0.437073 0.892159 0.431451 0.366964 0.314937 0.406431 0.613656 0.0904614 0.156244 0.0204107 0.11735 0.617133 
0.0570468 0.392943 0.21002 0.259383 0.151188 0.888065 0.315011 0.328925 0.8724 0.290012 0.672555 0.980336 0.521101 0.750014 0.947869 0.146719 0.817242 0.911894 0.152146 0.434616 0.06777 0.77879 0.676342 0.538761 0.844967 0.283573 0.177122 0.0188212 0.95491 0.450711 0.197278 0.010753 0.0254656 0.963911 0.849467 0.620389 0.00652923 0.274441 0.735751 0.155623 0.821843 0.521617 0.799802 0.904328 0.0389041 0.506197 0.809181 0.417388 0.0389982 0.326378 
0.00947129 0.124546 0.583109 0.775646 0.62672 0.39432 0.925926 0.714606 0.23206 0.167394 0.438376 0.807826 0.992015 0.273963 0.849899 0.526501 0.00442166 0.203459 0.60043 0.232753 0.217715 0.726437 0.664432 0.656207 0.0562951 0.045018 0.76137 0.444199 0.907109 0.233545 0.176581 0.374583 0.905314 0.686792 0.504872 0.790834 0.453974 0.0266593 0.660628 0.257529 0.25402 0.955477 0.483144 0.330237 0.25113 0.630221 0.267649 0.302594 0.134279 0.710829 
0.671243 0.247329 0.705937 0.209706 0.465168 0.706791 0.867583 0.559251 0.358845 0.87392 0.0456251 0.324221 0.219417 0.756684 0.0107242 0.114474 0.963099 0.93403 0.414361 0.286813 0.255736 0.795354 0.370558 0.46164 0.104114 0.100303 0.752967 0.21327 0.242346 0.303096 0.542119 0.0288761 0.0121688 0.821481 0.69652 0.526991 0.372664 0.235983 0.852536 0.0123233 0.603821 0.97614 0.429974 0.273882 0.576047 0.423635 0.00886705 0.110638 0.899893 0.514951 
0.321658 0.762618 0.571449 0.419259 0.325034 0.956576 0.368634 0.071175 0.598759 0.479881 0.582749 0.504232 0.133817 0.506912 0.474935 0.909833 0.825324 0.506213 0.44312 0.238703 0.0237178 0.0590121 0.506607 0.806851 0.916681 0.833846 0.383752 0.297086 0.309151 0.88812 0.454191 0.670887 0.326926 0.677121 0.916235 0.355401 0.688437 0.733369 0.146344 0.790955 0.866907 0.192101 0.0144975 0.313037 0.153012 0.525997 0.731376 0.796429 0.324982 0.933915 
0.706809 0.952331 0.573134 0.304828 0.755079 0.497408 0.210423 0.667087 0.662639 0.364288 0.674184 0.337805 0.1348 0.272879 0.388417 0.256696 0.66049 0.896368 0.259548 0.392785 0.487075 0.0571552 0.490856 0.878375 0.00260335 0.703793 0.981636 0.759355 0.567529 0.0167283 0.557652 0.705246 0.438306 0.7734 0.697928 0.0968591 0.123587 0.327362 0.677435 0.772274 0.0195483 0.0833759 0.920331 0.803381 0.332264 0.213321 0.738953 0.728398 0.636183 0.130662 
0.828812 0.460031 0.21534 0.665351 0.742421 0.446337 0.205981 0.310151 0.366475 0.556913 0.305896 0.84535 0.761547 0.161518 0.940082 0.469493 0.223885 0.900621 0.959522 0.968174 0.046409 0.739106 0.654604 0.227144 0.556742 0.45074 0.429681 0.637455 0.486444 0.128558 0.266507 0.715382 0.291482 0.0920825 0.0518811 0.308711 0.575935 0.104317 0.560449 0.836588 0.443396 0.600692 0.752933 0.273121 0.552769 0.294738 0.0545539 0.65239 0.7415 0.165396 
0.87236 0.760956 0.346372 0.348729 0.137351 0.583348 0.845467 0.68971 0.058602 0.768852 0.148593 0.514059 0.234971 0.964999 0.342128 0.306996 0.801715 0.48534 0.1905 0.985218 0.0761159 0.948248 0.305658 0.0336336 0.313419 0.135341 0.0269615 0.348511 0.219373 0.412021 0.95066 0.846864 0.940584 0.236784 0.196103 0.936671 0.847929 0.776899 0.314493 0.422386 0.761895 0.635821 0.792509 0.389234 0.139424 0.984927 0.364965 0.313352 0.394177 0.958164 
0.307172 0.407557 0.652316 0.569231 0.790446 0.207929 0.437809 0.30413 0.879151 0.809751 0.491523 0.639 0.561076 0.0511999 0.690886 0.175661 0.98417 0.0328313 0.772449 0.481952 0.151437 0.943179 0.750163 0.90801 0.780733 0.23199 0.927648 0.490535 0.709155 0.437045 0.489568 0.915895 0.893572 0.633729 0.551508 0.860262 0.472242 0.809726 0.374169 0.917002 0.723654 0.662782 0.542557 0.646789 0.640722 0.431601 0.904589 0.859427 0.339963 0.881611 
0.676334 0.720908 0.0184867 0.138463 0.773728 0.0632278 0.677872 0.110417 0.618741 0.423471 0.630891 0.421544 0.755122 0.179418 0.180032 0.757416 0.327839 0.0753363 0.222731 0.96607 0.623683 0.923758 0.144782 0.586644 0.0994476 0.815664 0.795483 0.731855 0.297396 0.701151 0.887102 0.102018 0.274174 0.773065 0.701393 0.375366 0.543623 0.187196 0.82343 0.948614 0.553521 0.419808 0.0941749 0.936239 0.1365 0.367719 0.209834 0.374033 0.127141 0.375033 
0.984446 0.809845 0.118162 0.372217 0.104307 0.476288 0.643779 0.321046 0.246073 0.519557 0.994527 0.630587 0.953984 0.416288 0.708429 0.255288 0.103503 0.0174811 0.723017 0.203365 0.0361736 0.910542 0.0745967 0.0271809 0.115727 0.958387 0.820029 0.582852 0.923548 0.898666 0.484768 0.974897 0.0616236 0.507877 0.0848729 0.397411 0.256926 0.404449 0.927116 0.231562 0.588653 0.583354 0.981826 0.540833 0.79042 0.717012 0.124939 0.480507 0.208295 0.690506 
0.194624 0.875405 0.815195 0.563813 0.905224 0.484663 0.0783924 0.565263 0.205682 0.142501 0.638661 0.417336 0.4368 0.733593 0.0228712 0.567428 0.0561044 0.737059 0.395134 0.146797 0.780565 0.643098 0.431585 0.829602 0.865521 0.0800001 0.494729 0.370008 0.644883 0.0294825 0.755591 0.565228 0.00320633 0.842804 0.260914 0.935091 0.782131 0.249636 0.450739 0.350982 0.0684014 0.662825 0.768789 0.949491 0.858737 0.994665 0.903552 0.372808 0.450203 0.0403955 
0.981378 0.61141 0.134838 0.946952 0.95753 0.901641 0.854609 0.0209036 0.312476 0.593567 0.561111 0.847421 0.653809 0.131657 0.995905 0.453992 0.106037 0.322585 0.213088 0.311225 0.849899 0.0595354 0.670013 0.592164 0.229303 0.097503 0.711251 0.444869 0.748517 0.740767 0.561629 0.917803 0.382114 0.151704 0.125434 0.51624 0.398775 0.447194 0.812417 0.663973 0.551162 0.293017 0.641968 0.304742 0.893334 0.237426 0.886615 0.863519 0.940297 0.686054 
0.876349 0.325823 0.982587 0.642179 0.547722 0.0462662 0.32532 0.668759 0.45368 0.551595 0.838094 0.605869 0.571769 0.784619 0.216622 0.826577 0.553091 0.658692 0.698708 0.551649 0.0135911 0.623797 0.11808 0.0392781 0.515683 0.806191 0.378182 0.291783 0.939475 0.296581 0.115766 0.501797 0.0975401 0.568985 0.460983 0.185754 0.175955 0.895343 0.309853 0.282203 0.502535 0.550991 0.196253 0.869913 0.108842 0.833667 0.577976 0.33044 0.986316 0.654048 
0.952225 0.309309 0.998728 0.560371 0.41531 0.515541 0.112251 0.576159 0.330722 0.859563 0.515708 0.0111049 0.399618 0.127428 0.211871 0.569396 0.100477 0.0763785 0.522631 0.488073 0.436837 0.15682 0.917535 0.27823 0.72913 0.324236 0.364583 0.873437 0.838747 0.754305 0.493022 0.873101 0.537492 0.382085 0.0461184 0.357 0.102316 0.53947 0.0419333 0.0658127 0.953428 0.636519 0.759877 0.127766 0.0865525 0.189755 0.0557859 0.584405 0.815977 0.526752 
0.691593 0.101911 0.776889 0.384552 0.325968 0.286487 0.102221 0.15402 0.411963 0.597074 0.0196425 0.378511 0.0795096 0.608189 0.805871 0.193208 0.0639513 0.6488 0.889339 0.559919 0.225396 0.201482 0.375269 0.804714 0.495079 0.201188 0.44026 0.573906 0.202644 0.946588 0.883062 0.724713 0.910061 0.605551 0.985554 0.885507 0.531435 0.141537 0.997893 0.908268 0.551045 0.723407 0.0526383 0.411945 0.991285 0.664856 0.995039 0.221774 0.325232 0.348029 
0.165231 0.913618 0.290139 0.157273 0.137272 0.344363 0.400047 0.826636 0.438904 0.26312 0.87723 0.231262 0.84026 0.959206 0.974995 0.955393 0.0127363 0.439509 0.113206 0.481432 0.970305 0.948035 0.777685 0.661888 0.998849 0.0773549 0.1208 0.212421 0.143657 0.69889 0.394123 0.142724 0.495075 0.971223 0.149737 0.298379 0.443707 0.69115 0.80234 0.334487 0.853572 0.868875 0.518639 0.0310978 0.795136 0.688562 0.345872 0.336914 0.308416 0.25312 
0.987457 0.17767 0.229645 0.332113 0.530186 0.576764 0.932927 0.853279 0.658184 0.617675 0.190618 0.441561 0.337997 0.646966 0.599867 0.0284568 0.289949 0.0063384 0.670508 0.142186 0.868245 0.265121 0.79728 0.774563 0.502158 0.953868 0.424058 0.202147 0.185272 0.488251 0.80475 0.0232343 0.991074 0.65936 0.683526 0.699163 0.825318 0.0566961 0.540962 0.429462 0.58231 0.592737 0.363203 0.916682 0.877334 0.102792 0.899846 0.551329 0.442305 0.0440478 
0.364978 0.54132 0.684162 0.950153 0.123247 0.486434 0.602087 0.485135 0.284766 0.685883 0.966492 0.220293 0.917573 0.290695 0.809276 0.918515 0.212562 0.329792 0.993629 0.771222 0.230508 0.443802 0.84864 0.979527 0.26819 0.00373698 0.201998 0.419676 0.463929 0.974601 0.178666 0.260912 0.548455 0.0187912 0.171112 0.540832 0.546369 0.770359 0.291964 0.501792 0.586513 0.00880796 0.656132 0.936298 0.908843 0.829918 0.539286 0.544282 0.0801494 0.280781 
0.0927974 0.762416 0.803281 0.0260264 0.0514057 0.112873 0.719254 0.215071 0.298982 0.378505 0.377807 0.640605 0.480509 0.36041 0.348888 0.583131 0.31062 0.0799429 0.205833 0.601465 0.419707 0.711724 0.549632 0.195581 0.16124 0.956137 0.998701 0.0430035 0.943885 0.839512 0.662381 0.807702 0.687703 0.0350524 0.685058 0.374667 0.667123 0.552655 0.0894249 0.862385 0.306335 0.388424 0.267708 0.244202 0.758009 0.748457 0.261832 0.465436 0.626118 0.405123 
0.608115 0.601149 0.164071 0.0714543 0.203682 0.195751 0.16341 0.41192 0.756038 0.902442 0.548897 0.150666 0.507935 0.606116 0.487686 0.89507 0.536019 0.424365 0.00389577 0.0566021 0.844611 0.392253 0.859011 0.849018 0.0849963 0.976247 0.181141 0.513166 0.554529 0.568397 0.0130361 0.486397 0.140473 0.506263 0.690939 0.264453 0.402809 0.753023 0.773739 0.339388 0.858242 0.132899 0.546233 0.292999 0.109004 0.413836 0.382621 0.550426 0.340477 0.882385 
0.867683 0.160827 0.368355 0.358848 0.298476 0.576428 0.239324 0.994514 0.971175 0.874514 0.0314212 0.0376329 0.231853 0.808466 0.609066 0.721872 0.256208 0.479894 0.483715 0.773369 0.555271 0.315374 0.130371 0.392609 0.411066 0.898149 0.42295 0.105592 0.882043 0.366585 0.83306 0.669483 0.653808 0.458819 0.966774 0.0210163 0.409311 0.982518 0.904898 0.376029 0.0814508 0.366245 0.103595 0.447832 0.336455 0.708075 0.299691 0.28287 0.38621 0.581642 
0.502427 0.847945 0.39754 0.117077 0.493383 0.83283 0.0899201 0.683507 0.913443 0.802031 0.0102687 0.974081 0.747015 0.662867 0.912009 0.983717 0.85608 0.567012 0.394998 0.510736 0.125934 0.637725 0.166737 0.0708924 0.00129383 0.811553 0.593611 0.185747 0.991315 0.951789 0.880305 0.591908 0.0508886 0.143591 0.887114 0.393195 0.958865 0.276136 0.716213 0.858522 0.980484 0.643693 0.456066 0.948799 0.824506 0.0699882 0.463954 0.575118 0.204758 0.484029 
0.11929 0.900697 0.0969942 0.283491 0.941517 0.201731 0.26809 0.450917 0.678719 0.61246 0.768429 0.00249028 0.130847 0.683475 0.0602144 0.748179 0.431749 0.515824 0.614793 0.893956 0.373097 0.130575 0.517244 0.45774 0.680907 0.0545773 0.564165 0.69384 0.77718 0.613379 0.0295168 0.431889 0.669847 0.992562 0.289132 0.516685 0.216065 0.866904 0.900304 0.90174 0.245971 0.128407 0.945099 0.683108 0.363117 0.749424 0.899951 0.240484 0.364976 0.158713 
0.723839 0.54098 0.914942 0.574214 0.928318 0.482418 0.134484 0.729406 0.304996 0.0763829 0.403311 0.552862 0.393369 0.590724 0.908786 0.400113 0.338441 0.892514 0.154085 0.833907 0.291181 0.177856 0.404028 0.0120971 0.323784 0.848743 0.460178 0.290499 0.983266 0.122585 0.744389 0.715498 0.46419 0.0359603 0.926576 0.90885 0.101137 0.711521 0.876703 0.858696 0.942808 0.527604 0.110743 0.170407 0.49677 0.926251 0.854383 0.820306 0.48074 0.936496 
0.22174 0.910813 0.68338 0.808353 0.623478 0.648773 0.415067 0.841971 0.499642 0.824897 0.178597 0.927245 0.504475 0.115355 0.530316 0.797134 0.132008 0.461688 0.0962162 0.222332 0.890546 0.122023 0.134703 0.880521 0.0789611 0.846205 0.0716776 0.232509 0.248667 0.421956 0.083897 0.271009 0.218913 0.516929 0.805507 0.963058 0.455328 0.998305 0.605001 0.682061 0.328415 0.0655969 0.077923 0.501831 0.39847 0.867497 0.13122 0.303329 0.216673 0.976981 
0.356908 0.99268 0.780482 0.45015 0.043589 0.78454 0.68393 0.382143 0.588888 0.0855562 0.0743321 0.506803 0.241036 0.849829 0.664721 0.699702 0.148473 0.79936 0.977108 0.633763 0.644655 0.92352 0.00524491 0.93264 0.154699 0.849079 0.00490982 0.0540395 0.892817 0.0685245 0.0040484 0.37264 0.581971 0.907059 0.633048 0.570226 0.414765 0.141941 0.241647 0.18802 0.0190527 0.217507 0.507296 0.921789 0.846721 0.903477 0.945768 0.400519 0.175092 0.782893 
0.13781 0.0848666 0.0688401 0.922147 0.593775 0.521891 0.00234651 0.940882 0.671719 0.585703 0.309009 0.862037 0.764363 0.0675926 0.22296 0.930784 0.220161 0.247685 0.870184 0.360121 0.676163 0.0662818 0.3184 0.746244 0.55488 0.325757 0.642229 0.377796 0.125858 0.0714348 0.858955 0.493691 0.347607 0.381059 0.259572 0.819694 0.538741 0.176377 0.255309 0.716298 0.527139 0.997904 0.410762 0.769765 0.221781 0.850874 0.0129856 0.803588 0.634156 0.793514 
0.705247 0.709159 0.359889 0.581344 0.50695 0.83839 0.958267 0.50134 0.80634 0.558454 0.352552 0.527532 0.52098 0.550295 0.844012 0.00730962 0.532626 0.229173 0.393105 0.413504 0.490533 0.0171616 0.0108599 0.976568 0.358107 0.018329 0.461096 0.863717 0.760451 0.424815 0.940302 0.254574 0.34149 0.595457 0.565914 0.469222 0.781841 0.78941 0.0724185 0.869168 0.879079 0.938731 0.0351574 0.659313 0.834026 0.128411 0.653514 0.221144 0.549532 0.785608 
0.232678 0.0242041 0.930919 0.10419 0.378292 0.0185086 0.426151 0.0707205 0.0575289 0.405812 0.843027 0.310507 0.625315 0.921571 0.346545 0.349904 0.416766 0.255858 0.626089 0.544397 0.332182 0.156049 0.903485 0.386665 0.65438 0.358991 0.222937 0.636566 0.380677 0.980471 0.014336 0.0125622 0.585263 0.80411 0.457887 0.416613 0.827134 0.526966 0.391604 0.911553 0.514936 0.997597 0.0285928 0.112291 0.796538 0.564336 0.671483 0.763592 0.24325 0.189102 
0.418496 0.954259 0.937437 0.442661 0.49085 0.854897 0.582147 0.399444 0.46027 0.781968 0.182311 0.326396 0.695639 0.912694 0.565972 0.662788 0.5568 0.821926 0.0563966 0.747444 0.0939462 0.181755 0.622389 0.0790966 0.0765124 0.397002 0.908416 0.585692 0.677088 0.794425 0.64999 0.507782 0.162826 0.523312 0.682551 0.870782 0.850342 0.379067 0.630885 0.862526 0.143495 0.0146725 0.888638 0.375759 0.843384 0.843966 0.373505 0.612067 0.241765 0.588571 
0.397487 0.083714 0.150331 0.04305 0.998958 0.209587 0.42419 0.631806 0.175865 0.247743 0.944354 0.641265 0.663324 0.681222 0.932672 0.233568 0.802917 0.524795 0.991134 0.132609 0.402562 0.58389 0.101951 0.171475 0.0405125 0.82343 0.875936 0.449902 0.741745 0.694068 0.128855 0.239363 0.932394 0.975358 0.329649 0.891586 0.989262 0.608757 0.895987 0.0380671 0.485691 0.961769 0.814346 0.937869 0.890145 0.485382 0.331338 0.737821 0.510284 0.615249 
0.593125 0.978872 0.525023 0.880288 0.664298 0.682984 0.70867 0.370498 0.65411 0.109984 0.908639 0.258651 0.55979 0.625837 0.859846 0.367424 0.190573 0.0101337 0.365943 0.941773 0.577076 0.970132 0.702006 0.98114 0.876501 0.551527 0.981634 0.629706 0.0348091 0.923181 0.372436 0.681463 0.248049 0.853097 0.248461 0.704965 0.47597 0.0473001 0.150862 0.407768 0.610309 0.510893 0.124155 0.625732 0.522103 0.37098 0.548304 0.228937 0.252398 0.830987 
0.432843 0.612384 0.951585 0.884903 0.499134 0.305215 0.447181 0.22606 0.432947 0.699621 0.850601 0.122736 0.318088 0.936526 0.616909 0.623834 0.470829 0.856799 0.217802 0.253594 0.233976 0.295302 0.80893 0.901074 0.934118 0.423991 0.315666 0.388832 0.830409 0.0696417 0.632451 0.311969 0.924851 0.916413 0.935079 0.33685 0.582033 0.958758 0.837717 0.66516 0.634313 0.93024 0.672211 0.0280144 0.699211 0.375805 0.711781 0.039685 0.377939 0.420996 
0.421552 0.159313 0.459433 0.679538 0.570325 0.619557 0.351533 0.797371 0.291237 0.955749 0.365842 0.724941 0.559842 0.399873 0.256892 0.384933 0.2961 0.534675 0.340994 0.704377 0.858682 0.990213 0.0193861 0.0769865 0.658408 0.455675 0.475548 0.0909546 0.400887 0.463976 0.0217078 0.855254 0.36128 0.685057 0.668698 0.518685 0.693405 0.701832 0.685738 0.470879 0.603206 0.2679 0.0280833 0.528857 0.811618 0.882682 0.843498 0.79271 0.761061 0.372031 
0.688226 0.42765 0.365836 0.334716 0.962413 0.81232 0.548517 0.240796 0.598091 0.894665 0.655726 0.0963003 0.230613 0.847689 0.697727 0.868345 0.80553 0.147823 0.175674 0.729439 0.173883 0.654078 0.128537 0.036564 0.70153 0.999616 0.576884 0.949601 0.578889 0.465206 0.776122 0.608 0.192073 0.605395 0.077915 0.434864 0.704239 0.303566 0.632095 0.861282 0.590764 0.670563 0.873874 0.591613 0.984183 0.217392 0.719663 0.409713 0.197079 0.363207 
0.492983 0.194025 0.149986 0.812066 0.665195 0.72925 0.494869 0.523747 0.0917082 0.69224 0.743142 0.635696 0.524601 0.870905 0.875803 0.473908 0.11482 0.0846816 0.949926 0.101984 0.852043 0.493019 0.448406 0.0684227 0.395005 0.674951 0.810616 0.756985 0.32301 0.178806 0.974453 0.0548107 0.389779 0.77587 0.460074 0.825823 0.418675 0.560739 0.135931 0.835327 0.0108492 0.0111838 0.987034 0.750556 0.22105 0.255374 0.587714 0.497585 0.872063 0.720633 
0.792576 0.982934 0.424606 0.878 0.391292 0.312308 0.339075 0.752751 0.0628505 0.300309 0.968473 0.471883 0.950184 0.485567 0.285425 0.48977 0.488244 0.713802 0.054931 0.330562 0.226508 0.3648 0.338158 0.629849 0.664076 0.99211 0.449004 0.880367 0.864168 0.27503 0.469183 0.894112 0.627223 0.951179 0.98003 0.73723 0.989827 0.660775 0.778221 0.811064 0.84141 0.0663828 0.543078 0.374837 0.0733792 0.604569 0.327513 0.873163 0.452741 0.622971 
0.727678 0.254501 0.288482 0.210201 0.174226 0.482394 0.978573 0.893791 0.664272 0.161433 0.30233 0.00918508 0.5299 0.944948 0.167494 0.570222 0.433622 0.699006 0.307195 0.578955 0.375535 0.556452 0.774083 0.565916 0.687316 0.387366 0.645731 0.656411 0.37309 0.741993 0.791251 0.349012 0.99358 0.537033 0.0911135 0.335147 0.175721 0.36606 0.316211 0.957406 0.473715 0.403802 0.909306 0.589925 0.257014 0.229772 0.78253 0.929341 0.337569 0.926844 
0.442354 0.168823 0.704316 0.0855344 0.419915 0.620882 0.744854 0.724232 0.897982 0.200677 0.582279 0.84954 0.287676 0.75393 0.112989 0.382081 0.0749325 0.500292 0.981856 0.397992 0.242395 0.289992 0.530549 0.141522 0.0228249 0.849335 0.00758429 0.523096 0.676754 0.359506 0.793105 0.0135521 0.813127 0.684707 0.177426 0.870115 0.394251 0.383407 0.87086 0.00597675 0.973121 0.4688 0.795139 0.218965 0.468087 0.262379 0.132315 0.732465 0.928425 0.628371 
0.871593 0.407048 0.784796 0.861651 0.710048 0.686678 0.661455 0.00839655 0.192374 0.109673 0.484579 0.546959 0.664579 0.0260377 0.279739 0.138226 0.505502 0.0698817 0.0853091 0.740997 0.335749 0.692797 0.247814 0.782928 0.606248 0.776799 0.649448 0.25449 0.511334 0.836257 0.39737 0.49428 0.671686 0.0808957 0.584768 0.0242393 0.582 0.55021 0.464843 0.932602 0.095937 0.057101 0.174062 0.350866 0.988703 0.266125 0.925853 0.757374 0.661539 0.120678 
0.674788 0.797409 0.00301142 0.454183 0.905005 0.675511 0.364942 0.700928 0.366477 0.0570662 0.932721 0.730886 0.151532 0.0530105 0.297666 0.936443 0.13151 0.444995 0.968466 0.397676 0.646943 0.13885 0.300763 0.759331 0.28483 0.965225 0.986176 0.82144 0.25177 0.229201 0.990581 0.437572 0.624754 0.345481 0.141509 0.189084 0.0714534 0.631852 0.530567 0.332727 0.590214 0.0036978 0.339171 0.938966 0.616574 0.188527 0.177148 0.589758 0.580983 0.000195651 
0.818928 0.632552 0.248655 0.817251 0.833831 0.0777449 0.0703784 0.762582 0.716154 0.872574 0.111161 0.698944 0.281975 0.833823 0.469616 0.719747 0.469966 0.461462 0.536802 0.00251087 0.798165 0.00422688 0.641238 0.111631 0.216404 0.945214 0.439766 0.26719 0.196974 0.713092 0.0720748 0.902816 0.269111 0.699879 0.523141 0.512828 0.558836 0.441717 0.761425 0.735192 0.980465 0.267062 0.92083 0.701108 0.708115 0.899316 0.628373 0.0405121 0.694097 0.596285 
0.0297103 0.527708 0.347499 0.800459 0.904546 0.647504 0.158978 0.326667 0.610602 0.745369 0.0563502 0.273167 0.24782 0.614985 0.13253 0.186959 0.505107 0.616363 0.880351 0.149392 0.749371 0.94273 0.398189 0.139435 0.923032 0.236834 0.539242 0.462063 0.0887056 0.0682422 0.922519 0.679344 0.149799 0.410458 0.62345 0.769292 0.290805 0.419753 0.0648882 0.95293 0.0511225 0.73621 0.0122604 0.845809 0.298565 0.299207 0.407848 0.0368272 0.335204 0.577206 
0.867073 0.760975 0.562674 0.418365 0.0568235 0.167488 0.140168 0.920465 0.353963 0.162127 0.224721 0.075749 0.686378 0.0844128 0.170912 0.950779 0.879152 0.75282 0.640146 0.518932 0.251605 0.343748 0.242466 0.587185 0.368116 0.959247 0.388702 0.173157 0.0621961 0.521007 0.137328 0.0784794 0.0174471 0.0120102 0.717404 0.634267 0.310622 0.124517 0.365309 0.948334 0.56744 0.350257 0.662165 0.956262 0.762174 0.340407 0.0342478 0.334581 0.913644 0.690842 
0.13391 0.774511 0.673273 0.977025 0.359499 0.454353 0.0981591 0.941981 0.649586 0.92993 0.550835 0.930166 0.838611 0.0785834 0.950427 0.449555 0.73747 0.602056 0.0849817 0.553349 0.645279 0.489647 0.0966259 0.473888 0.58077 0.941216 0.0384864 0.0470094 0.225289 0.993274 0.567668 0.194632 0.434435 0.567651 0.531538 0.913415 0.704476 0.0774973 0.980799 0.276197 0.527899 0.288665 0.685308 0.873049 0.708141 0.70085 0.84009 0.245365 0.703063 0.917802 
0.31114 0.405678 0.0311474 0.527713 0.155429 0.205704 0.401542 0.924463 0.430154 0.736424 0.597821 0.923865 0.636579 0.56213 0.485972 0.220667 0.115154 0.47313 0.390189 0.429107 0.938491 0.441403 0.324662 0.287223 0.371026 0.457035 0.258267 0.951324 0.43697 0.649223 0.287193 0.0906851 0.251846 0.605897 0.280495 0.905242 0.0300217 0.543393 0.957815 0.700485 0.862422 0.162996 0.871084 0.281884 0.176274 0.551931 0.70724 0.00374425 0.285451 0.709893 
0.329818 0.445735 0.60777 0.738841 0.496471 0.270197 0.504868 0.0325892 0.746194 0.274674 0.99128 0.768807 0.880643 0.598171 0.883169 0.484217 0.156497 0.477357 0.136938 0.557374 0.174876 0.890326 0.447654 0.350458 0.267521 0.889642 0.783415 0.436409 0.710785 0.074342 0.134357 0.920592 0.463201 0.711889 0.874928 0.489933 0.299727 0.938146 0.778992 0.0876223 0.689504 0.492895 0.0678257 0.70068 0.230456 0.775997 0.43567 0.884224 0.547355 0.0777857 
0.167935 0.42005 0.685415 0.027335 0.836062 0.598532 0.286352 0.0204168 0.463082 0.509447 0.891176 0.550852 0.889089 0.437656 0.431662 0.593875 0.142085 0.770805 0.830541 0.9172 0.204127 0.90296 0.972583 0.557972 0.295677 0.1459 0.145227 0.242312 0.517995 0.170475 0.881856 0.670449 0.833624 0.638157 0.58315 0.932964 0.495153 0.73821 0.311581 0.870996 0.667973 0.9504 0.969001 0.826035 0.0655271 0.186235 0.117739 0.406279 0.539851 0.441475 
0.642393 0.0898754 0.543727 0.774249 0.605953 0.0955869 0.792934 0.864824 0.0958092 0.901531 0.560301 0.705552 0.968542 0.445171 0.671524 0.961637 0.389839 0.315279 0.657914 0.936755 0.342634 0.294003 0.0347242 0.544164 0.709309 0.995428 0.196019 0.96337 0.865128 0.877152 0.818092 0.359937 0.58883 0.384884 0.449118 0.0397944 0.844616 0.852589 0.422008 0.608513 0.782674 0.436777 0.0165176 0.943521 0.01706 0.217024 0.78612 0.599438 0.0111694 0.465809 
0.454404 0.655954 0.561662 0.713348 0.753529 0.519269 0.315182 0.0821666 0.939632 0.815285 0.0956846 0.269214 0.780025 0.328611 0.38316 0.777939 0.666664 0.111815 0.386531 0.224526 0.584806 0.31766 0.303089 0.401907 0.400426 0.312136 0.523429 0.459189 0.541916 0.822756 0.437695 0.354654 0.76938 0.944533 0.852257 0.459548 0.265792 0.396128 0.54404 0.224942 0.921801 0.142975 0.625595 0.206893 0.659966 0.914407 0.178068 0.466273 0.0941548 0.80855 
0.404882 0.680573 0.0881718 0.518325 0.607809 0.0789231 0.415591 0.476259 0.0357574 0.773969 0.334125 0.362558 0.520172 0.316262 0.177786 0.888739 0.481939 0.97271 0.442234 0.0453272 0.709193 0.0785141 0.713096 0.547481 0.613685 0.507644 0.676012 0.433808 0.205325 0.715629 0.552559 0.752694 0.735496 0.672956 0.399487 0.279239 0.960282 0.357111 0.972455 0.98646 0.987543 0.626506 0.570154 0.592093 0.289054 0.856823 0.565764 0.250841 0.941958 0.261699 
0.450779 0.144119 0.761656 0.19626 0.219524 0.227221 0.945557 0.779673 0.947518 0.235694 0.483712 0.522506 0.711881 0.386569 0.259059 0.888341 0.586324 0.844787 0.0809345 0.322298 0.799648 0.0400615 0.830413 0.0957785 0.28461 0.278424 0.0103205 0.673921 0.777542 0.175356 0.0247215 0.297918 0.115665 0.55513 0.595435 0.202635 0.179104 0.318033 0.489158 0.822662 0.516124 0.612429 0.715951 0.516104 0.149159 0.214983 0.691389 0.64668 0.87441 0.286302 
0.378012 0.568985 0.189287 0.231142 0.520627 0.374799 0.906057 0.307932 0.616325 0.0245719 0.792533 0.696226 0.161307 0.823638 0.826204 0.518084 0.358665 0.346932 0.494627 0.469966 0.510591 0.0077029 0.479014 0.658176 0.909891 0.0961043 0.235857 0.544433 0.888431 0.758962 0.511896 0.47543 0.938495 0.309654 0.407695 0.184918 0.201228 0.0337503 0.982298 0.344115 0.977346 0.973391 0.233427 0.311065 0.735177 0.194646 0.957352 0.977102 0.247558 0.871368 
0.937746 0.339277 0.180286 0.68993 0.435917 0.214413 0.259902 0.968593 0.749013 0.898707 0.100695 0.732048 0.196172 0.26533 0.698092 0.221409 0.508969 0.0752614 0.625379 0.95912 0.381534 0.435647 0.236592 0.847007 0.369802 0.529501 0.680705 0.615373 0.00793443 0.394039 0.901728 0.16329 0.890708 0.776007 0.752365 0.304013 0.565843 0.0939048 0.499641 0.814287 0.701725 0.420055 0.0761977 0.416601 0.959512 0.35348 0.89851 0.679166 0.57876 0.745621 
0.744552 0.0866924 0.138866 0.8692 0.0110179 0.140336 0.878248 0.509309 0.598703 0.777282 0.489403 0.125325 0.193662 0.0742165 0.358849 0.553495 0.437054 0.215103 0.249894 0.993673 0.190341 0.660157 0.979943 0.20871 0.203896 0.704317 0.882816 0.556223 0.546131 0.819044 0.519038 0.891712 0.482692 0.278574 0.877718 0.298636 0.593009 0.566765 0.400856 0.924696 0.775723 0.297354 0.203967 0.118136 0.181542 0.657471 0.0825054 0.656282 0.578335 0.578252 
0.713093 0.72002 0.393903 0.842861 0.754039 0.133365 0.279417 0.845469 0.79894 0.887683 0.591064 0.73974 0.415019 0.656891 0.0728045 0.388395 0.852196 0.423511 0.059402 0.137226 0.53718 0.101464 0.700859 0.441336 0.625877 0.159951 0.729289 0.367051 0.282884 0.940101 0.884365 0.271018 0.579224 0.64015 0.170519 0.363723 0.919705 0.31666 0.7237 0.557565 0.244206 0.637325 0.965893 0.422392 0.491863 0.70383 0.812302 0.801218 0.284157 0.566518 
0.503915 0.966001 0.646101 0.978108 0.632145 0.641312 0.611491 0.316557 0.35973 0.732307 0.125203 0.0751521 0.931466 0.322955 0.436906 0.04395 0.729894 0.198759 0.475223 0.649168 0.820213 0.927385 0.617793 0.771687 0.528531 0.27136 0.197835 0.00979062 0.277657 0.809102 0.125113 0.80438 0.129233 0.932726 0.929432 0.60461 0.939605 0.502528 0.535895 0.605426 0.230707 0.571935 0.0550007 0.123289 0.502377 0.605934 0.939616 0.890545 0.46791 0.486029 
0.234316 0.23336 0.872284 0.792082 0.322034 0.799602 0.095167 0.21304 0.516374 0.950551 0.897854 0.924545 0.755441 0.918443 0.264949 0.336327 0.225882 0.513572 0.0809629 0.494193 0.164549 0.516021 0.806934 0.688251 0.86618 0.52953 0.186425 0.685931 0.225091 0.89457 0.924631 0.739372 0.369306 0.125218 0.278475 0.0596325 0.418136 0.278328 0.276058 0.161835 0.767885 0.955603 0.303679 0.000481897 0.0271903 0.327498 0.754916 0.723059 0.943953 0.83743 
0.450976 0.730293 0.864773 0.532856 0.629704 0.933436 0.133215 0.253703 0.1869 0.167949 0.112715 0.956256 0.578389 0.188467 0.910993 0.110019 0.74317 0.691382 0.8438 0.718811 0.459892 0.738545 0.392029 0.919212 0.82751 0.122424 0.745492 0.670457 0.742731 0.430628 0.4802 0.238204 0.0737882 0.220178 0.0245944 0.698752 0.974622 0.0320672 0.995603 0.451725 0.950821 0.373243 0.729294 0.959139 0.155492 0.278188 0.18555 0.593716 0.777475 0.0404091 
0.560138 0.840033 0.323276 0.435703 0.683869 0.467381 0.939898 0.236382 0.58817 0.0191325 0.92905 0.645487 0.762391 0.352602 0.482772 0.856459 0.964745 0.74009 0.0758564 0.482412 0.304838 0.747966 0.781547 0.509278 0.576868 0.633645 0.453705 0.615128 0.584647 0.438745 0.351414 0.148337 0.603913 0.729677 0.577241 0.0265846 0.469082 0.429223 0.910413 0.984034 0.87209 0.952868 0.891426 0.254488 0.0497306 0.624577 0.189029 0.553933 0.447566 0.672914 
0.224871 0.897754 0.107572 0.722744 0.476706 0.553423 0.483029 0.77504 0.217169 0.868276 0.597172 0.898411 0.697791 0.977594 0.086635 0.297204 0.155998 0.163621 0.196549 0.943896 0.916275 0.24024 0.596848 0.595329 0.29908 0.359322 0.788378 0.641718 0.787458 0.715823 0.314914 0.269371 0.836879 0.831375 0.617249 0.179364 0.504182 0.234 0.319474 0.670975 0.0646247 0.326088 0.0748826 0.980789 0.788364 0.253739 0.744626 0.470692 0.888223 0.480459 
0.775155 0.425243 0.946445 0.0298568 0.72008 0.637639 0.151487 0.424883 0.145814 0.67535 0.683165 0.439004 0.465121 0.955256 0.672925 0.388734 0.492739 0.990245 0.0981536 0.461656 0.863931 0.21719 0.712815 0.139022 0.106424 0.667264 0.4454 0.817472 0.956249 0.334301 0.992798 0.116492 0.0961325 0.465496 0.838603 0.70653 0.228131 0.802064 0.408831 0.0106271 0.420365 0.0807395 0.757448 0.0379005 0.143903 0.270008 0.399455 0.905144 0.824484 0.362767 
0.442014 0.218014 0.17625 0.142482 0.0850524 0.458691 0.944621 0.873955 0.0133115 0.318652 0.383674 0.299774 0.0960955 0.526544 0.0770431 0.388567 0.746483 0.348607 0.820733 0.392006 0.346064 0.817275 0.804307 0.860926 0.31688 0.427061 0.405828 0.285338 0.0119478 0.519274 0.511366 0.944746 0.739701 0.211227 0.345876 0.472548 0.179013 0.87784 0.662635 0.515351 0.851952 0.997201 0.413164 0.00836799 0.217648 0.670667 0.682664 0.80486 0.265691 0.208105 
0.435075 0.197396 0.0578372 0.096964 0.0131269 0.770217 0.429234 0.279325 0.413554 0.154158 0.923764 0.294569 0.296427 0.52692 0.292007 0.0773739 0.0782289 0.249864 0.770753 0.33355 0.0283441 0.257725 0.599271 0.766133 0.826266 0.647478 0.654232 0.629075 0.983509 0.168189 0.572168 0.910346 0.587706 0.652941 0.637064 0.0826424 0.646972 0.251613 0.264341 0.493534 0.515393 0.745389 0.654541 0.0848625 0.985615 0.813497 0.904468 0.55141 0.375206 0.480782 
0.90793 0.594158 0.98513 0.748943 0.18967 0.896621 0.794159 0.542318 0.83304 0.172551 0.442147 0.729208 0.322358 0.586564 0.92195 0.102197 0.294022 0.879551 0.807345 0.762392 0.752422 0.037474 0.49127 0.35998 0.241898 0.393276 0.332686 0.307526 0.200473 0.218385 0.0902892 0.787179 0.203558 0.707301 0.984557 0.0427489 0.645912 0.64977 0.193351 0.561442 0.864916 0.269315 0.884705 0.362734 0.926404 0.646574 0.0282978 0.840169 0.382164 0.317912 
0.535722 0.675874 0.58015 0.495099 0.0537628 0.34487 0.664515 0.531513 0.945009 0.163989 0.892425 0.867082 0.107585 0.917836 0.651047 0.744252 0.448206 0.118183 0.743937 0.779197 0.613327 0.236544 0.153689 0.591699 0.143131 0.567727 0.749693 0.395537 0.391072 0.617578 0.856063 0.87326 0.19732 0.498857 0.690938 0.142701 0.168017 0.348526 0.945591 0.392401 0.751598 0.0113031 0.0386951 0.371917 0.451835 0.207105 0.510936 0.87592 0.463308 0.588897 
0.597268 0.505123 0.48877 0.00927439 0.362422 0.866361 0.170124 0.647752 0.0147106 0.417872 0.112781 0.448022 0.0372066 0.231691 0.989281 0.168535 0.931062 0.86339 0.657697 0.424947 0.85991 0.468662 0.66978 0.598373 0.445179 0.594979 0.704812 0.713618 0.987497 0.933654 0.829491 0.128049 0.52982 0.728905 0.332408 0.400147 0.834331 0.289621 0.031505 0.4279 0.753317 0.498823 0.0534795 0.0568322 0.600734 0.252019 0.870418 0.58979 0.912551 0.23373 
0.260562 0.75925 0.77464 0.929448 0.838385 0.703603 0.900128 0.88574 0.469444 0.371959 0.81636 0.0895939 0.0858735 0.176071 0.519419 0.0768934 0.304072 0.866775 0.993027 0.562864 0.372763 0.387695 0.621004 0.417914 0.165431 0.292673 0.598405 0.625348 0.287675 0.701572 0.848964 0.543688 0.150746 0.694649 0.696664 0.348332 0.678073 0.788904 0.162354 0.907389 0.0734956 0.564838 0.0662464 0.372966 0.0764027 0.0442983 0.36837 0.893526 0.388363 0.239587 
0.786519 0.800125 0.392448 0.314631 0.027095 0.595877 0.0373547 0.518708 0.455397 0.453757 0.762722 0.799089 0.771607 0.583176 0.381111 0.440364 0.956008 0.683501 0.00976 0.458877 0.225765 0.4803 0.750051 0.382369 0.615209 0.326432 0.833793 0.321349 0.960771 0.194467 0.0429057 0.929639 0.662646 0.51872 0.225527 0.508638 0.57891 0.114663 0.454439 0.252363 0.906337 0.239114 0.59184 0.658744 0.0741186 0.578508 0.74658 0.301893 0.863254 0.349499 
0.398393 0.113856 0.187389 0.756295 0.521124 0.377582 0.633186 0.445468 0.118702 0.714588 0.685639 0.974779 0.57476 0.413348 0.477591 0.138517 0.0656122 0.230681 0.467731 0.553011 0.56119 0.401459 0.0243821 0.769713 0.170376 0.306681 0.320451 0.209297 0.489393 0.0631088 0.123148 0.951608 0.971048 0.655255 0.583483 0.396988 0.874547 0.702501 0.647609 0.731912 0.366484 0.0881135 0.458067 0.563157 0.299372 0.230855 0.496903 0.438361 0.215706 0.769198 
0.819081 0.308117 0.445389 0.794412 0.225829 0.674524 0.565849 0.0769198 0.767039 0.992855 0.827231 0.966906 0.44557 0.930836 0.125947 0.169451 0.983044 0.688573 0.168448 0.241873 0.338337 0.599182 0.112228 0.152218 0.0380628 0.862012 0.654449 0.613636 0.213667 0.217423 0.259052 0.482869 0.0320146 0.49225 0.577875 0.802677 0.142916 0.796057 0.476568 0.839447 0.386605 0.0805258 0.0900671 0.310785 0.397555 0.987504 0.0979502 0.307366 0.696061 0.646814 
0.168931 0.268583 0.299012 0.915281 0.196693 0.714667 0.804455 0.812839 0.0101717 0.035886 0.701197 0.0064509 0.423756 0.147578 0.0110501 0.0692579 0.557991 0.145072 0.833233 0.78784 0.809274 0.935735 0.200318 0.953273 0.688244 0.886768 0.120665 0.449462 0.942924 0.933789 0.973831 0.166793 0.215813 0.249245 0.353486 0.412734 0.696835 0.906716 0.140285 0.749386 0.297521 0.0101836 0.829467 0.707744 0.570039 0.646211 0.795627 0.811054 0.99509 0.646464 
0.674573 0.501064 0.980907 0.277866 0.274051 0.856166 0.225541 0.273073 0.499265 0.353317 0.839949 0.133901 0.547811 0.729476 0.76112 0.796047 0.221757 0.50233 0.511008 0.126183 0.619574 0.267854 0.529264 0.197812 0.511329 0.871833 0.133617 0.840619 0.270051 0.0512671 0.409629 0.45785 0.798965 0.475926 0.654264 0.940151 0.660366 0.155837 0.506487 0.820084 0.590193 0.255413 0.11605 0.124294 0.483941 0.912739 0.969914 0.840115 0.589591 0.0127103 
0.0310991 0.48911 0.721938 0.750815 0.327257 0.422552 0.138379 0.984742 0.0726549 0.862037 0.454479 0.784441 0.936406 0.630321 0.248003 0.170929 0.432868 0.681265 0.0956544 0.366921 0.553637 0.355885 0.631413 0.21951 0.277542 0.681345 0.827696 0.208496 0.600861 0.185239 0.687698 0.151313 0.171429 0.264885 0.243768 0.669772 0.853744 0.89083 0.620528 0.642364 0.0272146 0.0416647 0.187483 0.69543 0.992504 0.670758 0.238772 0.839298 0.620838 0.151044 
0.18898 0.330498 0.184323 0.367915 0.974254 0.412664 0.493317 0.445153 0.849428 0.245809 0.418597 0.190669 0.157979 0.177692 0.441315 0.360345 0.0650951 0.401681 0.760325 0.118652 0.168683 0.346901 0.271057 0.842145 0.236085 0.20717 0.595903 0.0816197 0.867073 0.582303 0.476835 0.516416 0.448603 0.985314 0.757178 0.941686 0.0717516 0.379986 0.860553 0.310331 0.289156 0.00466502 0.456194 0.318715 0.482667 0.704103 0.768855 0.483505 0.712032 0.757807 
