0.24987 0.704707 0.00456996 0.133783 0.374561 0.631145 0.0881689 0.621772 0.543139 0.0637015 
0.967663 0.0202437 0.518789 0.515862 0.305555 0.331404 0.469292 0.0296213 0.884009 0.646993 
0.179505 0.241134 0.870968 0.846588 0.275296 0.000824873 0.610168 0.564548 0.928072 0.978631 
0.391555 0.680583 0.312782 0.233637 0.797073 0.340594 0.265445 0.32981 0.991527 0.14152 
0.156278 0.355298 0.141402 0.366436 0.00519921 0.578326 0.575734 0.725308 0.582589 0.204279 
0.0117628 0.709243 0.962988 0.28588 0.478951 0.81886 0.0471519 0.444635 0.819313 0.550504 
0.242804 0.334155 0.764602 0.262877 0.218822 0.892901 0.525887 0.974239 0.158229 0.619269 
0.296528 0.579546 0.0400253 0.326773 0.877085 0.474802 0.376558 0.777183 0.298346 0.784458 
0.284868 0.792862 0.940512 0.946189 0.544027 0.817548 0.732799 0.211654 0.129419 0.0788953 
0.516761 0.383774 0.164373 0.584844 0.824417 0.830096 0.808112 0.857743 0.710978 0.710421 
0.640637 0.557557 0.828026 0.912088 0.59776 0.288412 0.394801 0.651636 0.818611 0.39194 
0.922194 0.475894 0.348914 0.780824 0.587866 0.245198 0.871215 0.770985 0.0432837 0.634462 
0.370312 0.498678 0.839059 0.353079 0.995399 0.0566924 0.81128 0.145052 0.326326 0.433325 
0.126798 0.545564 0.723358 0.34816 0.862229 0.809619 0.412643 0.741767 0.73288 0.75481 
0.869427 0.836239 0.545948 0.337685 0.195069 0.637506 0.953746 0.484726 0.117282 0.00409026 
0.951289 0.863844 0.7676 0.0708147 0.910553 0.583737 0.539184 0.949789 0.725189 0.174705 
0.0512671 0.0703199 0.161973 0.604378 0.539798 0.436581 0.12844 0.517673 0.451691 0.585882 
0.378191 0.719293 0.621251 0.0581898 0.745716 0.391828 0.0332221 0.751226 0.465365 0.361889 
0.148966 0.572805 0.916406 0.169558 0.373808 0.983838 0.947297 0.00462545 0.387188 0.0720064 
0.0753339 0.94845 0.0917965 0.928379 0.317228 0.392433 0.596685 0.117158 0.677364 0.981052 
0.658095 0.931969 0.884481 0.0997704 0.219178 0.623528 0.911167 0.830791 0.650464 0.0345549 
0.519483 0.0808868 0.369825 0.986521 0.951362 0.754595 0.0065471 0.571145 0.780623 0.987597 
0.242165 0.186954 0.488276 0.14779 0.500607 0.793913 0.362521 0.704604 0.0915955 0.85244 
0.118082 0.753416 0.574365 0.400106 0.612657 0.613739 0.934241 0.0460349 0.637696 0.814349 
0.689643 0.194475 0.865055 0.577664 0.752691 0.143519 0.908543 0.31325 0.584485 0.455275 
0.461711 0.370866 0.0840785 0.85356 0.811345 0.0373168 0.358073 0.102746 0.753587 0.215911 
0.6504 0.0895798 0.257966 0.445643 0.92021 0.0397699 0.308783 0.375332 0.926516 0.296004 
0.332029 0.33865 0.548753 0.28838 0.829078 0.603343 0.418025 0.0345353 0.858071 0.377695 
0.0790205 0.945315 0.0531542 0.129395 0.130435 0.969093 0.797703 0.319776 0.235407 0.503635 
0.611591 0.897357 0.893869 0.754597 0.409231 0.704437 0.890105 0.0256266 0.0603036 0.908908 
0.344137 0.501699 0.950926 0.120628 0.841686 0.505671 0.10419 0.618253 0.502768 0.70195 
0.151557 0.721783 0.947646 0.580725 0.14295 0.568723 0.345298 0.172463 0.903689 0.794116 
0.4053 0.281391 0.68515 0.738874 0.638089 0.375043 0.0243003 0.806944 0.912906 0.682777 
0.937409 0.255221 0.408631 0.495468 0.563877 0.985202 0.394859 0.102594 0.896583 0.685885 
0.360114 0.504723 0.423467 0.843475 0.67462 0.944453 0.868014 0.455446 0.710373 0.342209 
0.091557 0.635617 0.251459 0.680845 0.657681 0.368347 0.649287 0.210947 0.453619 0.165371 
0.509354 0.425593 0.690256 0.0144624 0.602653 0.93923 0.0876684 0.681964 0.196728 0.360618 
0.243759 0.827678 0.90086 0.366328 0.128185 0.0751468 0.942649 0.351134 0.775588 0.999324 
0.85346 0.914946 0.667195 0.424867 0.750418 0.0848298 0.793314 0.845165 0.21495 0.307223 
0.676509 0.673622 0.244879 0.157051 0.182878 0.180327 0.117906 0.000844974 0.495231 0.771918 
0.121183 0.769117 0.00973389 0.0503997 0.181854 0.790095 0.397971 0.323711 0.282399 0.708701 
0.188973 0.365708 0.515866 0.57872 0.316084 0.476479 0.866883 0.504069 0.53458 0.538854 
0.439833 0.697335 0.6721 0.927985 0.699724 0.600386 0.509891 0.218441 0.732815 0.596933 
0.625678 0.619195 0.639085 0.670513 0.078929 0.961017 0.268675 0.813097 0.466594 0.644797 
0.349395 0.0103222 0.83599 0.396211 0.501866 0.387274 0.00857772 0.624704 0.880508 0.859744 
0.340975 0.993326 0.903225 0.739936 0.878923 0.608121 0.541531 0.0745363 0.447917 0.342244 
0.456643 0.920246 0.250775 0.964507 0.206457 0.705712 0.394 0.850157 0.43732 0.59813 
0.27076 0.0321659 0.429719 0.630494 0.604041 0.640579 0.643932 0.721559 0.317663 0.425102 
0.0625557 0.816764 0.00396615 0.246571 0.655363 0.460281 0.0267846 0.620436 0.566832 0.980371 
0.835964 0.403426 0.127791 0.689206 0.820683 0.740379 0.867184 0.755822 0.11397 0.899577 
0.919565 0.600472 0.867431 0.969649 0.61072 0.259984 0.679706 0.774747 0.355874 0.345088 
0.657868 0.0751368 0.338226 0.0295271 0.893532 0.511868 0.798085 0.831539 0.825333 0.0563152 
0.716946 0.691046 0.76543 0.255 0.555909 0.678833 0.146089 0.81353 0.560418 0.950022 
0.548684 0.221963 0.631552 0.761958 0.171139 0.36766 0.949347 0.384192 0.0521654 0.672311 
0.722273 0.0501541 0.412193 0.51254 0.785829 0.651072 0.934142 0.0289539 0.72793 0.902788 
0.949237 0.772012 0.55416 0.393019 0.45826 0.746025 0.527525 0.809265 0.174365 0.857977 
0.206659 0.399692 0.0877865 0.730477 0.0037334 0.535942 0.675874 0.0603338 0.652524 0.475584 
0.558756 0.968886 0.0692254 0.0846849 0.501428 0.360572 0.223476 0.20894 0.367749 0.669203 
0.916116 0.911482 0.613528 0.45191 0.760604 0.873061 0.89194 0.226928 0.523874 0.437812 
0.66905 0.235047 0.385337 0.871235 0.87776 0.947976 0.0639365 0.562445 0.681209 0.215779 
0.916351 0.953867 0.0574937 0.860621 0.758139 0.278404 0.70099 0.0143073 0.783196 0.355681 
0.576572 0.708068 0.13887 0.41377 0.442145 0.183099 0.130326 0.780437 0.29053 0.555052 
0.991029 0.635205 0.749389 0.00449077 0.439566 0.293139 0.149474 0.15682 0.3807 0.326914 
0.926014 0.484564 0.443348 0.827422 0.228723 0.598636 0.720659 0.985665 0.264723 0.0602315 
0.615147 0.392935 0.376393 0.712605 0.679742 0.840891 0.362647 0.0343167 0.50457 0.728746 
0.631893 0.128887 0.316359 0.145282 0.0208964 0.221573 0.295119 0.376503 0.220752 0.206835 
0.753672 0.783484 0.993811 0.522415 0.866137 0.90057 0.683771 0.976332 0.722031 0.418785 
0.284233 0.484025 0.434151 0.133752 0.299647 0.366906 0.340509 0.510144 0.863436 0.516068 
0.0817437 0.907513 0.993865 0.31414 0.460755 0.695938 0.0915756 0.798573 0.920545 0.591179 
0.523714 0.672322 0.719102 0.550508 0.104509 0.634371 0.000652133 0.951208 0.666623 0.424162 
0.317099 0.835902 0.0936664 0.795005 0.831155 0.0180906 0.573175 0.810811 0.635214 0.909907 
0.26757 0.892375 0.705439 0.801322 0.613006 0.365521 0.478885 0.764674 0.712639 0.990952 
0.581055 0.152093 0.297175 0.104078 0.479018 0.303453 0.485362 0.702941 0.980829 0.959523 
0.394889 0.586989 0.266586 0.72054 0.632988 0.160917 0.714379 0.4103 0.00101694 0.00613561 
0.130035 0.0616552 0.070128 0.391884 0.308522 0.0709954 0.714345 0.297519 0.37347 0.365796 
0.410336 0.83207 0.54142 0.884603 0.0890725 0.163092 0.563761 0.227462 0.574339 0.766513 
0.985469 0.605896 0.460509 0.456763 0.227163 0.177668 0.600471 0.270568 0.925987 0.279412 
0.702759 0.841581 0.787009 0.175647 0.602811 0.152348 0.0271131 0.186648 0.435349 0.0816452 
0.837633 0.108767 0.491224 0.998525 0.861413 0.29246 0.632647 0.996917 0.828724 0.198291 
0.901285 0.29962 0.752536 0.301085 0.794186 0.253051 0.958509 0.662368 0.320834 0.83578 
0.865662 0.347019 0.615379 0.220277 0.21937 0.586134 0.997582 0.156354 0.752728 0.161828 
0.0474283 0.91744 0.203038 0.429421 0.981185 0.476297 0.444454 0.462746 0.860748 0.763849 
0.827411 0.422816 0.143379 0.109342 0.609025 0.489641 0.613812 0.239424 0.566388 0.690682 
0.585503 0.521179 0.18004 0.396904 0.446485 0.842834 0.0458727 0.689624 0.842848 0.300098 
0.921949 0.681338 0.883715 0.0476135 0.318699 0.971939 0.39883 0.835005 0.337839 0.95362 
0.929377 0.741079 0.754831 0.81615 0.542157 0.837231 0.422157 0.301443 0.988008 0.243155 
0.909791 0.11255 0.500873 0.692147 0.318255 0.94341 0.325094 0.0570809 0.972927 0.418824 
0.657117 0.43622 0.306271 0.667513 0.402785 0.501218 0.424969 0.82244 0.861513 0.316793 
0.172917 0.213244 0.887461 0.38348 0.888194 0.284682 0.772178 0.930578 0.119406 0.893437 
0.220701 0.620726 0.714008 0.873613 0.302574 0.336016 0.321329 0.182342 0.87526 0.959223 
0.433617 0.220144 0.612298 0.570313 0.0861618 0.713212 0.139229 0.624086 0.398758 0.817847 
0.681087 0.573873 0.807571 0.234927 0.675221 0.490629 0.448038 0.724012 0.824971 0.969423 
0.329394 0.706957 0.106501 0.899083 0.576252 0.543262 0.953677 0.818039 0.0203729 0.576477 
0.0967062 0.571389 0.716258 0.798626 0.735408 0.202778 0.198534 0.456161 0.996209 0.174395 
0.221079 0.734198 0.616164 0.519873 0.60036 0.314859 0.605457 0.037794 0.87883 0.817622 
0.186668 0.00795564 0.219216 0.441616 0.527727 0.0755493 0.497093 0.902249 0.111463 0.533983 
0.765296 0.51603 0.134217 0.89698 0.801378 0.813348 0.733068 0.256618 0.0482302 0.388588 
0.22361 0.446767 0.761359 0.170089 0.451692 0.0527219 0.588621 0.129483 0.319944 0.407745 
0.695373 0.71037 0.0251403 0.446701 0.518452 0.918203 0.819203 0.0813646 0.507224 0.302005 
0.701108 0.362621 0.616636 0.851246 0.366975 0.40491 0.443972 0.118665 0.689444 0.629393 
